# Created by Octave 4.0.2, Wed Jun 29 11:31:40 2016 CEST <michael@pelican>
# name: data
# type: matrix
# rows: 349
# columns: 8
 2015 1 2 -0.0369197291565371 0.839368987219911 0.933703079294445 0.684941591526671 0.41689862927295
 2015 1 5 -1.61498659190489 0.7000254995995879 0.7557303022737389 0.665536275601972 0.550070032976039
 2015 1 6 -0.9914725819799131 1.10992600366636 1.31613633466336 1.16042134808229 0.7595378553200021
 2015 1 7 1.00266014340749 0.817914411936923 0.850093102684324 0.554487219183754 0.5787301853639439
 2015 1 8 1.53134715804821 0.715832434161102 0.815951482227666 0.262819002205272 0.268763694035544
 2015 1 9 -0.8927761461695379 0.6252698796162379 0.572440302720304 0.493998373980753 0.5586558857018631
 2015 1 12 -0.86092336832948 0.671807652791036 0.772608379125835 0.607205120759283 0.564306874227992
 2015 1 13 -0.421742790207613 2.18888303089008 2.21959924596797 1.18182355946816 0.707068571227083
 2015 1 14 -0.360836518806362 1.47062004722598 1.6241091742198 0.992056204326933 0.8407766790776621
 2015 1 15 -1.04780430047997 1.03317682629454 0.8737838452071041 0.979005186134991 1.07148069578751
 2015 1 16 1.33277800919096 0.6435800111118141 0.6911740402892951 0.630599684318254 0.72115771506139
 2015 1 20 0.08359694888069311 0.836950629161324 0.6996488424702749 0.7435745928597659 0.554125123637449
 2015 1 21 0.60356348758388 1.0013869558479 0.665010332263546 0.9218468380632561 0.6558720497442879
 2015 1 22 1.41887890924695 0.6104666075791231 0.710275200945335 0.632610515066157 0.44121340808165
 2015 1 23 -0.545845189495164 0.249097637358899 0.270742412951041 0.252180086992899 0.277167154002766
 2015 1 26 0.312131241300939 0.300579342032076 0.343206421677739 0.202186069483254 0.223623321202198
 2015 1 27 -0.887285932355297 1.02598017765601 0.891405029550069 0.51228774747221 0.609704373048515
 2015 1 28 -1.47814511278694 0.9283647280670599 0.8691054796523151 0.8679263397460221 0.8362895880772511
 2015 1 29 0.9453538663928279 0.876070099240669 0.727928649332647 1.09585178866955 0.803149122069979
 2015 1 30 -1.19461806471852 0.979775244394712 0.9178456718990901 0.8902565648331721 0.8260921227205891
 2015 2 2 1.20324736521855 1.17823733323178 1.24600541466096 1.15608986107958 0.978219180097789
 2015 2 3 1.32845166744113 0.88596027653597 0.858816591427504 0.438727614808431 0.5555553389347799
 2015 2 4 -0.366483916596572 0.665515378902066 0.5234729235493409 0.586309336639121 0.475458204982344
 2015 2 5 0.9182308929822189 0.339726605378921 0.362791930735482 0.208399054272514 0.251623709231126
 2015 2 6 -0.329303951494264 0.409814143612074 0.389369331483406 0.428176594619785 0.41957690082058
 2015 2 9 -0.338048277905401 0.336165191955613 0.360319061866561 0.355601739985161 0.272869371041916
 2015 2 10 0.9175200670259009 0.387628640639271 0.397143789445827 0.252462578942304 0.217883908348235
 2015 2 11 -0.0137787162564074 0.278865150141242 0.276620845161396 0.217244379494152 0.226049888515661
 2015 2 12 0.874913893582541 0.263272859008899 0.241739303529702 0.140267023171256 0.131557685854796
 2015 2 13 0.385605512169462 0.104382782188099 0.120747536845266 0.0985661873458793 0.102431034261876
 2015 2 17 0.158236176630489 0.150396726614461 0.190886074888518 0.09961642347044859 0.104074640407969
 2015 2 18 0.0219111266529737 0.191642177120568 0.156572312733056 0.160855461468396 0.120164205133657
 2015 2 19 -0.0814908582335683 0.201932300381177 0.179110758482958 0.0957212595154304 0.112077147463042
 2015 2 20 0.592240832150015 0.206668645751716 0.256956646516089 0.179034934047223 0.200074117993971
 2015 2 23 -0.0146942064800371 0.112932182669578 0.122072487810852 0.070577718789003 0.0799374597104867
 2015 2 24 0.309841433558411 0.101621444453711 0.09349634300713359 0.08400807242066401 0.0922590284752323
 2015 2 25 -0.0733025180314151 0.101107708731643 0.119047736282829 0.0792320560070692 0.08049489893270539
 2015 2 26 -0.147702822317264 0.196898969728272 0.163243684217662 0.184932711778419 0.110879307145657
 2015 2 27 -0.302701292484109 0.12045321615004 0.123354484224341 0.106248437879446 0.114242362701417
 2015 3 2 0.555164872252512 0.07116018987448761 0.0778593871946436 0.0575832474744007 0.0552613819375124
 2015 3 3 -0.378356944625402 0.250709157534357 0.23682192659615 0.219701903713962 0.12760672714659
 2015 3 4 -0.430298377653848 0.445926814964023 0.585107949416323 0.287522618916583 0.175298351030728
 2015 3 5 0.120963340002778 0.127514251237334 0.120758845507967 0.107400229780838 0.0966466619002149
 2015 3 6 -1.42182944423013 0.5454901336868819 0.557884420583428 0.319768569232682 0.274996920494206
 2015 3 9 0.336478043573418 0.150636980407246 0.134881359569893 0.139563396442553 0.140439382352853
 2015 3 10 -1.49610331610903 0.705666445032194 0.8635940511390969 0.447233073183247 0.370828226432225
 2015 3 11 -0.206601528511019 0.348935834008853 0.295017888522314 0.369482096793439 0.218581852994636
 2015 3 12 1.20383638050008 0.425518855867643 0.520436770003356 0.207825312743534 0.144250493735191
 2015 3 13 -0.54396528427727 0.496918972533465 0.560815024586356 0.564561540810572 0.386933087105539
 2015 3 16 1.23255085954357 0.274449172090272 0.322101444259031 0.195617706827609 0.146428362982096
 2015 3 17 -0.306632793850437 0.348089258725912 0.308279461756003 0.212974975969771 0.157595630406195
 2015 3 18 1.26461995131972 1.10552797680098 1.40634078276392 0.740577643751306 0.6011216216266391
 2015 3 19 -0.440289525448456 0.305892221195995 0.316237469864265 0.228954098758761 0.205294500469018
 2015 3 20 0.8555284878406511 0.4436875030335921 0.474017791600619 0.134043631451179 0.121400994294289
 2015 3 23 -0.166172934014774 0.139583485277925 0.148818227279441 0.132266087213307 0.0842411803501569
 2015 3 24 -0.5863330094092229 0.203342952553471 0.222566525088928 0.193750560439886 0.17955440378682
 2015 3 25 -1.53578831592318 0.471345166095932 0.498111878332645 0.490646997698033 0.322584938403082
 2015 3 26 -0.177589950044066 0.763079899541666 0.6265091731613009 0.530738792876819 0.467188559041306
 2015 3 27 0.238796656634666 0.343998651100109 0.229182006709734 0.329853412864095 0.271233648149171
 2015 3 30 1.062591468596 0.463926717525155 0.614797830654306 0.226671638017626 0.168450680903318
 2015 3 31 -0.764412244844248 0.418138085777011 0.343996696301658 0.326551757260181 0.227108513040285
 2015 4 1 -0.380384282893154 0.541929744699808 0.6817926305586219 0.568113042118607 0.384865318990882
 2015 4 2 0.326887556168387 0.259542924523278 0.309309896713311 0.262091163307121 0.198221684146495
 2015 4 6 0.768997054851006 0.285075523861954 0.290816079974768 0.255496423621716 0.137448347869793
 2015 4 7 -0.225649559648389 0.19599421707858 0.199877629341982 0.126921173036547 0.123388203411724
 2015 4 8 0.233964920630392 0.515959080235783 0.633715033520972 0.4923880303609171 0.301478125852781
 2015 4 9 0.470234952946758 0.357238025135515 0.294583330131434 0.240188568257797 0.230101125556901
 2015 4 10 0.503628037162329 0.08033185965900561 0.0748886138034074 0.0686008462436019 0.0776869448295866
 2015 4 13 -0.443888922429814 0.123597570103344 0.134338147792545 0.117771279776523 0.0852683263685861
 2015 4 14 0.183363626965427 0.2765258818509 0.270914705684222 0.213544018306365 0.160558913970418
 2015 4 15 0.403414341194352 0.200810541337311 0.289035538527649 0.145851441791874 0.117720901582603
 2015 4 16 -0.0389446942776317 0.16665104687271 0.158363512392788 0.152977207731284 0.144117443465614
 2015 4 17 -1.02589517483391 0.5788914854298131 0.572915332493431 0.281422517226629 0.327517209215528
 2015 4 20 0.772400228580405 0.373118296513027 0.38880006946028 0.111940152652364 0.150016280554025
 2015 4 21 -0.253790927853892 0.205160351489347 0.155087825402263 0.186541789328176 0.17332018529063
 2015 4 22 0.459797158791009 0.210586152275771 0.256903223347728 0.173822229226355 0.177815272032174
 2015 4 23 0.274867360075248 0.243858424280388 0.218453210118646 0.142181823997274 0.155140785708068
 2015 4 24 0.237317573123441 0.107171255461746 0.0900520392916217 0.096796263092915 0.110332782167057
 2015 4 27 -0.484351779606484 0.232305787216611 0.251170740883199 0.23539707901743 0.155788151988229
 2015 4 28 0.313970513618678 0.415209454599298 0.363406386196789 0.424771967225879 0.264154471256224
 2015 4 29 -0.271612420343637 0.438421116345614 0.354792163553342 0.4235717915989171 0.420936549684833
 2015 4 30 -0.9520268322229519 0.49526503787012 0.493740099372957 0.470661695478515 0.40146621386237
 2015 5 1 0.9777756093785509 0.452507340329956 0.469264709423505 0.19697280474026 0.22123587208958
 2015 5 4 0.198359692464489 0.141173226478015 0.161586190640084 0.133854736138697 0.117768065655261
 2015 5 5 -1.09992422894285 0.325678988362488 0.331608896172253 0.349172235527079 0.263979337560716
 2015 5 6 -0.515610243009768 0.8589121052354619 0.632296718867439 0.817604194564631 0.444068493673533
 2015 5 7 0.388674248063392 0.313851043635655 0.341686137573482 0.330637922048892 0.298690005983295
 2015 5 8 1.12644847405816 0.763044807332296 0.677073209885239 0.135358188837843 0.122700014205155
 2015 5 11 -0.486395303201537 0.16818269309149 0.140828275376654 0.164963493778812 0.151424138310532
 2015 5 12 -0.180392485763381 0.6756165436009509 0.651672555228923 0.464747769729502 0.301929988972606
 2015 5 13 -0.0509745924137661 0.446677250350386 0.381422615191415 0.247710629884244 0.207761258051714
 2015 5 14 0.9585275315105329 0.300905639084951 0.284982980127295 0.10214664157233 0.07319523218461239
 2015 5 15 0.0299191361020412 0.114670950800987 0.07853578623374881 0.119518860706738 0.09535496301152771
 2015 5 18 0.359039778858961 0.0479577055143636 0.0454056131803412 0.0479947347937771 0.0489975994467438
 2015 5 19 -0.07305022586372439 0.09763370785251339 0.100452041947001 0.101404656624207 0.106351776620561
 2015 5 20 -0.09145120046998299 0.175397652610453 0.246526665028938 0.147880037168643 0.172154117149201
 2015 5 21 0.260768592438243 0.07825438005857291 0.09130841687205769 0.078188213230463 0.0629430694149838
 2015 5 22 -0.190524799420544 0.109516185402778 0.0679584556220006 0.0999414244931624 0.06823851312773681
 2015 5 26 -0.9915654649742761 0.265860733298209 0.391744733991178 0.227352815735714 0.192091784485748
 2015 5 27 0.8660192185879551 0.162110263729738 0.156493605312833 0.153363139855007 0.116880190906134
 2015 5 28 -0.0622169033224651 0.192637953139225 0.234523380924512 0.176849071696414 0.129637555926398
 2015 5 29 -0.619648074887991 0.286719943714925 0.368791504606943 0.239199364907799 0.206717140615617
 2015 6 1 0.147616541373452 0.400302464089494 0.363847871836445 0.338628770641032 0.226794960967003
 2015 6 2 -0.039810615741942 0.306712092559285 0.4478253132633609 0.291703914847805 0.170718674374253
 2015 6 3 0.174675840928273 0.189066091728222 0.183562396841577 0.12916950741485 0.178519565136584
 2015 6 4 -0.757948386511842 0.453471347890392 0.411794617486527 0.272528888487591 0.337712048545977
 2015 6 5 -0.10936295978361 0.343221266869039 0.364722284754199 0.294116472216818 0.240113575337272
 2015 6 8 -0.61651944396548 0.144913289052002 0.121573837034554 0.129886134906276 0.165206610559179
 2015 6 9 0.0420772713207285 0.221682128394495 0.191812808724344 0.203352574192576 0.198743482001309
 2015 6 10 1.12002088237793 0.389179683194501 0.437328167603491 0.146685348439047 0.138479716111773
 2015 6 11 0.145651245637346 0.198158195154862 0.203179649276478 0.123211910832154 0.112654613168449
 2015 6 12 -0.630712699348823 0.265854675664101 0.384610234620166 0.231293125471926 0.17008624307351
 2015 6 15 -0.320883038181652 0.8545798687652439 0.773444137601607 0.317046882640324 0.267489571758495
 2015 6 16 0.5791016333342111 0.277834881843051 0.200026942774729 0.219193741610672 0.146826816064865
 2015 6 17 0.146978802676667 0.411422369349407 0.461022256701874 0.291523790706551 0.249894355656149
 2015 6 18 0.8741993295818601 0.320506582879532 0.260806312305384 0.186436122814864 0.130809392212568
 2015 6 19 -0.53749464625934 0.111636575304347 0.14505991137505 0.0876424157650818 0.0660126929291027
 2015 6 22 0.497694355679723 0.477951339189327 0.291177947391348 0.230541217207434 0.0949687062311784
 2015 6 23 0.0541498834883747 0.09977231450674751 0.0774318410350498 0.07650259216154411 0.0733306635411701
 2015 6 24 -0.6960338266252639 0.14262074076479 0.128590121293305 0.107578318233007 0.09358487017684609
 2015 6 25 -0.350858395358866 0.167966676948295 0.149304513863824 0.175903109106354 0.117182466463382
 2015 6 26 -0.0323458343288507 0.231138742091897 0.223805755367621 0.2378507913417 0.174663551478822
 2015 6 29 -1.96521594949335 0.755823330518906 0.801825552645784 0.38536222899761 0.380407337194084
 2015 6 30 0.0855935039993483 0.81097545969468 0.792758179193481 0.492995311442539 0.405361512105259
 2015 7 1 0.519692250217663 0.597400621357967 0.69303702507975 0.317005606645517 0.257977589025126
 2015 7 2 -0.08521312219924579 0.21341815788494 0.21895045787896 0.176774893500708 0.151730012750345
 2015 7 6 -0.248143876907125 0.858005177718748 0.565055340283791 0.497370715930046 0.336359003494985
 2015 7 7 0.584415214221412 0.896753479834084 0.7429481576559509 0.792683130838191 0.580890679252589
 2015 7 8 -1.48571833985924 0.868002775539125 0.8509991326367341 0.673997308991034 0.6293158867860309
 2015 7 9 0.077541121403879 1.72069527875936 1.59543757731398 0.438321082145206 0.408295636063166
 2015 7 10 1.15131137918141 1.26162375177516 1.29429514790358 0.202489330372375 0.220615420203158
 2015 7 13 0.9288325814694961 0.464885293197655 0.471177017603646 0.0941892883550559 0.125790320718251
 2015 7 14 0.433403077332883 0.0589283020574506 0.0576765623657563 0.0527453975290169 0.0510348797065453
 2015 7 15 -0.0573893551385929 0.135397613884428 0.107563440533298 0.147011819199031 0.127072846023822
 2015 7 16 0.525573598736351 0.156364158189041 0.11629311422141 0.100337794143139 0.0561362671976177
 2015 7 17 -0.0150472106517086 0.0587359899761961 0.0650046916913898 0.0447234347611332 0.0502082300524066
 2015 7 20 0.0559356425678281 0.08535402005932849 0.0613079804630562 0.08607816274729731 0.0714437576487853
 2015 7 21 -0.396545585426455 0.107317497682059 0.118496883435233 0.09780726368710101 0.07980633692898211
 2015 7 22 -0.196585339261723 0.189052563651018 0.190548673976499 0.11164266800255 0.0836434339518549
 2015 7 23 -0.564223556982579 0.160197232267185 0.160069652940327 0.130628373990842 0.124594910110351
 2015 7 24 -1.07076671832029 0.198626603891057 0.210950807437615 0.218989857732103 0.205119315813727
 2015 7 27 -0.488635280346816 0.601980008034113 0.772830135172261 0.444889581277582 0.288823407298765
 2015 7 28 1.0854793067506 0.288760456752507 0.312583823140282 0.274353628361126 0.199307274350088
 2015 7 29 0.6507163566458199 0.202467240710295 0.204823809200038 0.207241100506052 0.277010519037889
 2015 7 30 0.09891725560420279 0.210151718426425 0.276586481479323 0.217573372955662 0.161138502057537
 2015 7 31 -0.36492626385396 0.14722752884932 0.156294140592956 0.124150731778245 0.156449545104184
 2015 8 3 -0.317650559108085 0.321454324533476 0.272828866243248 0.2720190682798 0.200780798337384
 2015 8 4 -0.205198756821279 0.232350161687618 0.257656857747943 0.201771374569365 0.220311259249951
 2015 8 5 0.225015946164575 0.415827699235738 0.487660294444869 0.241007020797062 0.158964537090467
 2015 8 6 -0.8215472953390981 0.292429042228736 0.368940325795536 0.284083952843524 0.216085734294711
 2015 8 7 -0.201680579028896 0.33218061642491 0.334655492624417 0.29477837617094 0.262020091189788
 2015 8 10 1.01554752244759 0.456700149650916 0.436503551245099 0.107162427935381 0.103907792315448
 2015 8 11 -0.8655002441989801 0.6730048351255931 0.6742173724926389 0.340965493635847 0.304315521245511
 2015 8 12 0.341612294154814 1.14500742184904 0.920785396237102 0.771399198327827 0.436477120661876
 2015 8 13 -0.141483780546814 0.412785217321455 0.363098218467239 0.29712843603084 0.30421363358287
 2015 8 14 0.409596126976375 0.165450941346447 0.154148116958739 0.140301560023552 0.130480371193621
 2015 8 17 0.6101841607171641 0.34586786498639 0.413040920784094 0.200760155891901 0.124377378118681
 2015 8 18 -0.208899874333657 0.135425747878908 0.0968841496138024 0.123090471910164 0.146189188037784
 2015 8 19 -0.7587079028868791 0.9018282192045209 1.16150504812363 0.7383913997073681 0.432488073071719
 2015 8 20 -1.95728560927808 1.15233979129961 0.8640615267113541 0.808418258982457 0.474350379953604
 2015 8 21 -3.11373699500717 2.3138617636275 2.06799424792336 1.89589060267811 1.30108397984244
 2015 8 24 -3.3245166590488 37.3219225411636 24.0114373670067 21.6348157176393 12.6956335479972
 2015 8 25 -1.58728012343294 7.34778572743498 7.46793975577216 3.88433409803293 3.02270569747504
 2015 8 26 3.34268660704735 8.089626532153749 6.92929274212263 5.05745273353163 4.09381282404303
 2015 8 27 2.29036483871754 3.59678688753719 3.69589511640756 2.73282953989439 1.89852670185362
 2015 8 28 0.184985524470349 0.913235895360738 1.05035555549799 0.9084427677245239 1.01819733854063
 2015 8 31 -0.741646026706366 1.1868718169948 1.00606576952433 1.14518048109657 0.766035668190943
 2015 9 1 -2.87742221050085 5.039922901797739 4.4246857362322 1.76193041269987 2.22133549978822
 2015 9 2 1.66668368740073 2.11577599376139 2.27933173716792 1.13568483723505 1.00421344323784
 2015 9 3 0.00153782669203295 0.9859737401033289 1.1049611726813 0.8755977796566621 1.00062144357776
 2015 9 4 -1.37820556925146 2.07440585919398 1.82190042560656 1.16199782475261 0.885012373056969
 2015 9 8 2.15073091790394 2.15524393557301 2.40156541452044 0.6132968862549799 0.56072883041021
 2015 9 9 -1.49222177655961 1.24108537201762 1.35611717317941 0.7081966501674909 0.8451769483849231
 2015 9 10 0.54445942940653 0.7682487362836941 0.99811426666612 0.781032803892461 0.98509114933903
 2015 9 11 0.4637058184063571 0.64842272621603 0.464543242416259 0.484310505865056 0.406122636949196
 2015 9 14 -0.515318949478072 0.355242755421549 0.471958362173464 0.348304279685112 0.286694470258089
 2015 9 15 1.17358870469939 0.310122980222419 0.263401310018528 0.260580364387077 0.313243987861189
 2015 9 16 0.858780541559945 0.351537194841437 0.388639714443926 0.285130032388906 0.348836646665704
 2015 9 17 -0.254416672801305 1.63813785556064 1.38042148577347 1.60741307476013 1.43734369054922
 2015 9 18 -1.60146898240257 1.84968709914791 1.98204367929153 0.962084321231768 0.803053596656219
 2015 9 21 0.268505047213541 0.763157107067639 0.8311335645764161 0.541893436201934 0.5407176670354
 2015 9 22 -0.965701049573919 1.71156862577709 1.35387812447087 0.898759404612678 0.564487054921365
 2015 9 23 -0.228230029131549 0.57347483912491 0.455130654567149 0.485737895094065 0.44363720410367
 2015 9 24 -0.118427973182911 1.0901461846843 1.33388154922353 0.976362393953067 0.696096391950086
 2015 9 25 -0.225986459424288 1.07873292266847 1.27747595794015 0.928703046489866 0.751077118359575
 2015 9 28 -2.48131373787732 1.3347961277979 1.37779322022354 0.781025958644315 0.8757864616139219
 2015 9 29 0.101972539985695 1.39897282572348 1.66766371095899 1.33594641816808 1.22893758591833
 2015 9 30 1.65489342077727 2.23721675299159 2.65168863243372 1.16388698510878 0.7918841421177349
 2015 10 1 0.208154525760573 1.29508649826359 0.9566276829350591 1.27501973707439 1.01673545184698
 2015 10 2 1.51774311305344 2.86793774906465 2.53567936737521 1.30060245493505 1.18176624612703
 2015 10 5 1.64879469378345 0.793223571702968 1.07213564346202 0.601094434496255 0.294441245541042
 2015 10 6 -0.335804278648233 0.466208185335724 0.57785655320959 0.463687570015038 0.509374132365525
 2015 10 7 0.671940628436474 0.89747233283657 1.17485015511398 0.770806700995714 0.693462884458419
 2015 10 8 0.965231481783935 0.508012540589982 0.559464209353428 0.525408801431432 0.5973649520437341
 2015 10 9 0.0590768636943295 0.28545146237443 0.241983927741756 0.298384767111653 0.265211063542658
 2015 10 12 0.07835591839269181 0.141462058615694 0.153655782216739 0.125068387205003 0.149892242136365
 2015 10 13 -0.559377982692855 0.37823532365716 0.326443481256034 0.258894503879122 0.248797526996273
 2015 10 14 -0.486513068022809 0.464998892478258 0.422476238926776 0.4490336007097 0.375183808204494
 2015 10 15 1.36556038401334 0.28825702199564 0.34242078485578 0.32271895024363 0.246792713112652
 2015 10 16 0.422939910570808 0.262763980319538 0.217583617596531 0.211037308569589 0.182660338282339
 2015 10 19 0.114123255650878 0.279085414049619 0.38050538523496 0.265198355798997 0.190231031991306
 2015 10 20 -0.09349566172325299 0.25430409817357 0.318005575468129 0.276199618282887 0.199933369127234
 2015 10 21 -0.713144819156586 0.55717689444326 0.556144364023877 0.495050010599232 0.339997566028237
 2015 10 22 1.5050278927137 0.586974879784346 0.679269332355649 0.307576401944932 0.350357835705204
 2015 10 23 0.595894309321832 0.459811109546386 0.481405185532939 0.298176381099442 0.328157799659863
 2015 10 26 -0.199709667391712 0.146098665834048 0.164818208027288 0.142810580867177 0.179141867324882
 2015 10 27 -0.132534918644822 0.343698982354206 0.305017201817954 0.262640797779458 0.161256506385755
 2015 10 28 1.138915701332 0.8857180790346609 0.8102497458836651 0.597428152237768 0.454808776424364
 2015 10 29 0.0493090755442793 0.231746362667008 0.187022216420225 0.23918654100666 0.187199814613866
 2015 10 30 -0.503177693917234 0.285963356165731 0.344129241528383 0.297287606482614 0.247326532981273
 2015 11 2 1.10690597469807 0.176791811862375 0.217406607191008 0.159357985259378 0.112134384869188
 2015 11 3 0.343739210862015 0.23383525272187 0.142962589854141 0.184096505492101 0.130726833295246
 2015 11 4 -0.377856921077235 0.374404863753651 0.339654367476748 0.37123224047011 0.320001612564372
 2015 11 5 -0.0742538946012061 0.340949667318645 0.364456886528779 0.326063279078245 0.242886911588305
 2015 11 6 0.0309682339861617 0.364143064660928 0.384279396750732 0.340222444473445 0.343779817347933
 2015 11 9 -0.813976644751335 0.555077377172795 0.499838265316321 0.484240574032905 0.305491356268771
 2015 11 10 0.234176941782405 0.302397273599676 0.216946117518636 0.303382292396018 0.227942214376245
 2015 11 11 -0.40930146528293 0.223364142105321 0.186412749247461 0.182462816307771 0.161644653366381
 2015 11 12 -1.27529458149809 0.7629668903313419 0.665817477407844 0.496734963010148 0.33190606852989
 2015 11 13 -1.05660321354426 0.444974198628106 0.510720528879258 0.426411688606542 0.399098601927571
 2015 11 16 1.52664230457482 0.515296731397704 0.596584169247472 0.380678439624306 0.435144951880769
 2015 11 17 -0.154964749735598 0.566131024434512 0.497477205104208 0.6224476058109599 0.473544494165122
 2015 11 18 1.52199192296543 0.504149179849842 0.439515901623474 0.399770933493918 0.352243552447949
 2015 11 19 -0.120531409178781 0.21570522705762 0.241561255290686 0.246590748044572 0.177428523377642
 2015 11 20 0.304889977313927 0.323940304871099 0.340783352381738 0.168622905592746 0.128707175667287
 2015 11 23 -0.132661266327982 0.188590788729376 0.212368221417247 0.224703653348174 0.14712725330254
 2015 11 24 0.236715989187353 0.427071566384118 0.372943846228726 0.35207195559943 0.247135631477699
 2015 11 25 -0.0138812103680941 0.102539659439617 0.09471618769972749 0.10146027909411 0.08421329515947941
 2015 11 27 0.0617382938203903 0.0615010243132536 0.0448405698481452 0.0515992350685477 0.09063388242285669
 2015 11 30 -0.460659110187578 0.188067944940627 0.179793253677663 0.153143199767861 0.155395950307479
 2015 12 1 0.9289723462651439 0.387260409305273 0.517220673580174 0.317589288754139 0.160114127932932
 2015 12 2 -1.04891802044165 0.270308028699214 0.250352857440706 0.246294300260156 0.232623057838539
 2015 12 3 -1.48547544321485 0.710511483512974 0.760985799854252 0.700029094951649 0.547970901619473
 2015 12 4 1.92648834818092 0.714709464305441 0.908254819138873 0.5820578968668331 0.46387376830282
 2015 12 7 -0.635379812955428 0.656997947187602 0.557087606715982 0.681289810285299 0.41749316882819
 2015 12 8 -0.464327337227388 1.64440619216598 1.59483009682905 0.815037087574872 0.528401902847165
 2015 12 9 -0.650285330160116 1.10012982388637 0.959897642626989 1.02654583226692 0.779421323473764
 2015 12 10 0.213646111741284 0.610050419033481 0.5399065357039731 0.659650986853866 0.440751800082451
 2015 12 11 -1.72189130063227 1.34694037466584 1.42660978837792 0.651573156681693 0.7474524573762641
 2015 12 14 0.443543219267006 1.53606586556151 1.41481137577083 1.71799558529323 1.11824901474825
 2015 12 15 0.8808074600715979 1.12574093277933 1.32927014668785 0.427307777045573 0.465095434389076
 2015 12 16 1.27934549851458 0.9666742574173171 1.09907199828736 0.716401759669151 0.9970327174536591
 2015 12 17 -1.54140765037196 0.819265735825253 0.8138829705957989 0.7634059359261359 0.590318261394486
 2015 12 18 -1.74633542698333 0.951357847561858 1.23334649845878 0.884669976475262 0.7499044736044099
 2015 12 21 0.536792843169653 0.786422604508794 0.606561928442746 0.539266967319522 0.416642798944969
 2015 12 22 0.785773540809487 0.409653205922243 0.320436408790848 0.349609970755806 0.276234493521283
 2015 12 23 1.07538391939057 0.341148248810323 0.348053428418439 0.139658677277345 0.199583304755016
 2015 12 24 -0.123650468048453 0.07569093124168459 0.109573996333251 0.0732815472664391 0.074977871174152
 2015 12 28 -0.0568738364093768 0.296953417404548 0.27005680607959 0.201679532868361 0.1641134240735
 2015 12 29 0.8509990492706621 0.4030573473272689 0.49150118636326 0.14896521154272 0.124307069449675
 2015 12 30 -0.660124204470414 0.191171011800409 0.205273263741986 0.13246762737047 0.156561595235014
 2015 12 31 -0.8254924758881901 0.48229062995825 0.5044947853546871 0.272728331067935 0.224447727983985
 2016 1 4 -1.24508542239292 3.47559150788879 3.26319942280711 0.8866884885990181 0.8661407556380101
 2016 1 5 0.156300038518342 0.626764244950955 0.5804724038201911 0.634110300478377 0.498316932118974
 2016 1 6 -1.05414704422584 1.96702789844501 1.73750496307041 0.915314776820087 0.6899399505471731
 2016 1 7 -2.14697425929904 3.9113651686108 2.8333848578805 2.42448143740833 1.23919848539856
 2016 1 8 -1.25295417634561 1.76315170356991 1.43068690446762 1.52238044281158 0.9281985304345911
 2016 1 11 -0.140276523571359 1.62143530869092 1.44452747628189 1.69200690369049 1.01918996210201
 2016 1 12 0.569483806768734 1.78490599014742 2.22906839864 1.49476985313441 1.0382816946233
 2016 1 13 -2.61382492045072 2.05399629320123 1.88455677345274 1.76590462739113 1.5754080006616
 2016 1 14 1.55419219185511 1.62903511497082 1.91666374146824 1.80221491650562 1.53425634422505
 2016 1 15 -1.92695557220892 5.09057018237257 5.3821603890464 1.90183499569004 1.93865682939243
 2016 1 19 -0.388329400465803 1.99386233788201 2.25202719797129 1.50048043194103 1.48190579861757
 2016 1 20 -0.8940916062841531 4.36934169196797 5.85446353197087 4.10676207459624 2.86079947697506
 2016 1 21 0.389257846380531 2.97230948112976 2.91370750476242 3.01363845337768 2.39750135495185
 2016 1 22 1.55490921497812 1.82289244221257 1.65774217500873 0.809883429184808 0.886300393630965
 2016 1 25 -1.5276511121443 0.711033448933877 0.641322752473348 0.567896620952752 0.742116848054351
 2016 1 26 1.31241308452434 1.28347954349525 0.918560308957668 0.967087038504752 0.611713825034916
 2016 1 27 -1.02493474440877 1.94348030031634 1.92621919296611 1.20969228179732 1.93366506225596
 2016 1 28 0.415004248084383 2.57591338524781 1.87041133539909 2.22645585537252 1.30994203767977
 2016 1 29 2.30945093530446 0.744385357103451 1.0639923191657 0.6263173679680709 0.503324941732436
 2016 2 1 0.09856055950487889 1.22097075221135 0.769876279671967 1.02396764104011 0.6445879445933731
 2016 2 2 -1.68048412194315 1.20066190402577 1.74110401611308 0.8769357343192881 0.663493020778405
 2016 2 3 0.288508309503133 2.75962186503185 3.14634039050199 2.85925252659238 1.95555617436026
 2016 2 4 0.193883077680113 1.84100175563876 1.58277808521583 2.19384853070597 1.5660841631179
 2016 2 5 -1.74853781738609 1.42792996274141 1.25375993391867 1.28437063845585 1.19055876878774
 2016 2 8 -1.05344063700485 2.9348812691094 3.33251850837685 2.09921678469658 1.50686746307275
 2016 2 9 0.219401435762201 2.95444891654069 2.66277745275227 3.13448082791704 1.82307341237595
 2016 2 10 -0.292279609923973 1.65025914846459 1.30800970008653 1.58239830948977 1.17070308551447
 2016 2 11 -0.9990180049952 3.05048569070826 3.36537777421912 2.06802291227812 2.15371011258646
 2016 2 12 1.67724826123941 0.969853071651419 0.927462545956275 0.483357656188499 0.6339891710465201
 2016 2 16 1.25528659987681 0.9253123120172071 0.849930832117285 0.537495323802659 0.399161542142546
 2016 2 17 1.45035402152862 0.734796125700882 0.8881711609291381 0.394940640980844 0.328685012937862
 2016 2 18 -0.518052329169549 0.434367923717517 0.479698433041512 0.485290891551097 0.349167985445693
 2016 2 19 0.0933909050883308 0.69910088849983 0.792866496889704 0.640856312594123 0.309015306024042
 2016 2 22 1.07452056806414 0.673823027239936 0.928128825720987 0.437657230844782 0.195193149104092
 2016 2 23 -1.09275995837885 0.497092082181902 0.558210222451239 0.364641851677216 0.333935304895529
 2016 2 24 0.6243635653302879 1.8645388726791 1.81701765952326 0.7765688981588941 0.637833472975472
 2016 2 25 1.0237960276541 0.678592338231039 0.428967223630453 0.732329660589231 0.368318040541155
 2016 2 26 -0.361788220922943 0.553974534888977 0.65997839261268 0.436393249225 0.416241604876222
 2016 2 29 -0.7893929801806371 0.477832447375209 0.48894733005994 0.5065551741840471 0.434152872487039
 2016 3 1 2.08665242353625 0.6448926646068089 0.61036279271779 0.462079569962067 0.345400864214077
 2016 3 2 0.48198945117921 0.425945033260495 0.401526972737433 0.394041447380703 0.366536754057658
 2016 3 3 0.390052166316224 0.281323380075925 0.255996266250128 0.280168202524671 0.260558685036805
 2016 3 4 0.280447497276715 0.406839521684195 0.34818249508858 0.464654603636016 0.372792608589
 2016 3 7 0.273158601739532 0.502982820512203 0.489347004721987 0.471655680428673 0.304408361739417
 2016 3 8 -0.877198607283702 0.715518927527099 0.571038408970054 0.455675931296274 0.444582519247116
 2016 3 9 0.378803596220756 0.571139419400671 0.472162450769985 0.40778714784473 0.383001748545161
 2016 3 10 -0.06632132925936671 1.10859266035485 1.0287585781 1.00341109274563 0.8536371568445019
 2016 3 11 1.32431165467661 0.6088161181249701 0.7333556923123751 0.205101198128056 0.201295273808403
 2016 3 14 0.00940889834879499 0.195232871537627 0.219949024322152 0.210534795291711 0.120920146142685
 2016 3 15 0.028280052084817 0.328054457171035 0.376623222267196 0.155037394675002 0.176136964672093
 2016 3 16 0.661580650732141 0.73819074681146 0.717180402489034 0.54225486373207 0.528390765661408
 2016 3 17 0.68671000711733 0.233337769743475 0.254580479021391 0.24582370758823 0.185038594348836
 2016 3 18 0.39019192355596 0.260333928504822 0.295243540965431 0.252295569626279 0.166895779074904
 2016 3 21 0.176124669555566 0.173121444362992 0.159123261884491 0.150412782522602 0.182640608582633
 2016 3 22 0.0683146795772416 0.266927757205105 0.314125642921376 0.199805386244083 0.175094665502401
 2016 3 23 -0.579155505849638 0.216862648082031 0.254506239281998 0.202490291685143 0.212934726102782
 2016 3 24 0.172055316430342 0.358510813660797 0.344093917346239 0.187025933442117 0.195144971261547
 2016 3 28 -0.0407366967191791 0.157435619677565 0.148821734749074 0.132089600631137 0.137960728590309
 2016 3 29 0.951373114309639 0.3098374764152 0.425502186083486 0.224081189574283 0.162871997096495
 2016 3 30 0.279455825562724 0.305334487901738 0.413442077268425 0.237619418189851 0.130327457232047
 2016 3 31 -0.195950105137932 0.139368124667874 0.108878679641176 0.131970447881324 0.136301576790661
 2016 4 1 0.7879910298147941 0.5147695588915769 0.558840311777369 0.282252959014152 0.210581571402185
 2016 4 4 -0.347411316301915 0.179335057994656 0.157641638774721 0.143424731045915 0.125003829585653
 2016 4 5 -0.8369471978368461 0.633911603592164 0.722271250794188 0.321752599086177 0.269508099724196
 2016 4 6 1.03250883830475 0.307076729989535 0.300817883648088 0.3073548515588 0.221998324769091
 2016 4 7 -1.02069791184221 0.597537259497036 0.58620716800549 0.4482956428373721 0.296911579313715
 2016 4 8 0.100656228417684 0.46378862681126 0.500102615515994 0.265557355849927 0.235683030914433
 2016 4 11 -0.396839493114065 0.377391093335267 0.476555338178134 0.28707567607579 0.264332801570151
 2016 4 12 0.8798010714584409 0.376950547602047 0.339929845415102 0.293201201798801 0.300479543680564
 2016 4 13 0.796943738750144 0.336753925375967 0.363829681651065 0.2333064499134 0.1541002383755
 2016 4 14 -0.0172851717664457 0.163214069026282 0.10934328662072 0.15358369117808 0.104905762572058
 2016 4 15 -0.12729523401136 0.0610429045470743 0.0760521636490033 0.05734415319875429 0.0784262241327492
 2016 4 18 0.7442781991858111 0.209456996905634 0.129519521495118 0.149217222009368 0.12859743186577
 2016 4 19 0.225884332756898 0.19993444718169 0.226233444116175 0.164570846640685 0.148436537368455
 2016 4 20 0.0423413336233303 0.153991382298779 0.127985487692505 0.151942362425022 0.101795728932165
 2016 4 21 -0.499798355424375 0.238737350203517 0.157180263664104 0.258481184265215 0.181392636003111
 2016 4 22 0.008605934275163211 0.22254338971014 0.198541682880301 0.206426232753073 0.199652056802844
 2016 4 25 -0.0694230019096409 0.217454875301649 0.20709548508614 0.137767602358518 0.164366106218473
 2016 4 26 0.07844413171422809 0.171987969381949 0.187791686394658 0.172329023687758 0.140288647732709
 2016 4 27 0.151868295407454 0.306316931210419 0.288483299220662 0.207119903805355 0.245157265866002
 2016 4 28 -0.706723506083762 0.365130169531963 0.359570517334485 0.368820608326867 0.238245831523313
 2016 4 29 -0.305027875100983 0.521290986064424 0.559961314748207 0.558954328839749 0.362285784628422
 2016 5 2 0.6860222104682731 0.231346198554331 0.236860711397258 0.204268024330701 0.249663842122301
 2016 5 3 -0.6656096911685341 0.519065478458312 0.546400076785358 0.274298576961504 0.32895738140084
 2016 5 4 -0.444124121404066 0.354794288827204 0.49196283310551 0.311108498737716 0.260020986293197
 2016 5 5 -0.119411728722163 0.340780800538962 0.332768060684858 0.313476693723457 0.214568903528627
 2016 5 6 0.459443873550658 0.430963942732276 0.275362598542645 0.460691955691546 0.244928995562146
 2016 5 9 0.0651048015922306 0.21910622007383 0.208043571413782 0.188756557715833 0.2030840695501
 2016 5 10 1.04943789543537 0.206356216395854 0.241913225200256 0.128591861977008 0.0873200430474981
 2016 5 11 -0.9002184754983491 0.223538067066789 0.22126889985233 0.141657559020659 0.140239379404487
 2016 5 12 -0.131183111199995 0.473422408276621 0.415077827122858 0.374559581283414 0.26290596504934
 2016 5 13 -0.776339061783382 0.336204986647061 0.327690041064204 0.311617588570871 0.315595414401087
 2016 5 16 0.9763907635104371 0.20067795461911 0.189962723173373 0.191078976670279 0.12586324493399
 2016 5 17 -0.880848697595038 0.356249564560528 0.411633092629842 0.287355620896335 0.274874156747567
 2016 5 18 0.148589889991424 0.916463168028948 0.895385980510856 0.616032409206724 0.600612242200897
 2016 5 19 -0.209101113123644 0.646861322073173 0.623447473056442 0.698230728871878 0.423685564930272
 2016 5 20 0.501707195217449 0.262288832400871 0.32985411460525 0.162020078490546 0.16028914716856


