1.5843779412256078	27.79147178224774	125.40365534822898
2.1005646645227083	37.52562998422965	368.2423274810654
1.3484573306218373	24.6775827787688	344.94803574678554
0.2360855854129314	84.14786600207876	36083.91128915949
-2.058337193000019	1.7392105586034656	18.749107412356775
81.47977840189176	105.89203722335536	4229.208686208136
51.290059378650334	59.306380797804806	411.715169077776
1.150718658123287	21.569780920480362	58.95369338842067
-2.6556260813339945	1.239323273870427	11.37455685477945
-6.712059252681831	1.9147976433695277	21.043072273080597
-10.140145702166057	0.6847537793420294	18.12771239073469
1.3415358406583076	24.29909616254176	279.6348549778437
-2.6049684679083356	-0.01745826005493817	2.606946207993482
-2.4795886278765824	0.012395928579898022	2.473109271740836
-2.599752232747228	-0.013910953362744333	2.5131038193268154
-2.6373314119368785	0.0015297562580774888	2.6391901047205155
