-1.6598121599948752
-.5504492855111908
-1.9467501131565357
1.1841631582972607
-.7684636545228484
-.4707131022966393
1.3038280926443035
1.989360604626045
-.5358028945734684
-.11160475627190115
.8385328944267537
-.9701928229161945
1.8459449931360183
-2.525232181025707
-1.2123704377021498
-1.0279146196892088
.13982230183439484
-1.1216763233365519
-.13350427007745455
.35196767495820014
-.9835224508066382
-.2823923406623687
.9194948055507762
.5410192464181024
1.1940784610822874
-.17805170464742578
-.6914413127111996
.48655228232280373
1.516972759652806
-.03513225457173379
-.6941563745476458
1.839570150186228
2.231158291016574
1.3805722246313699
.03950894020361624
3.5064833786147678
-.6636849177360613
.4682928073858156
-1.6408084823073223
.8611971960532113
