-1.43061648941377
.9060466696853916
-1.520057037751162
-.02677725454802626
-.9931732154337669
.9627825274762837
-1.0887912161339197
-.3224426384134739
-1.0504621160134915
2.2102621735339913
.9782491284718636
.20945692570713562
-.6692523965007053
1.7307949385168948
.7188054023375385
-.8068516202933148
-.8723993614412942
.7080537902404581
1.2790796583094133
.28373229394710014
1.0206937948603725
-.9027121294716729
1.8205793322858226
-.46787011578618926
-.476767322728789
.5623816954866933
-.320147842350021
-.5977576238090102
-1.2472600060799752
.7122516614814651
.005116646300319305
.5126149134849862
1.3742154633915693
-.37630387586004155
1.8790138293079395
.7675822032544731
.5611220884508393
.48161631658635085
.5115101632557114
.1840521033519322
-1.2376011648583767
.2561887999692459
1.014388326861825
-.8402600839280339
-.6008086469483017
-.40111198161185974
.8804992013021552
1.6284123230748164
1.2809204346851004
.16884264597600138
-.6297897010558349
-.37503400584534685
-.7258819588302255
.49427813803570486
-.040005852656761334
.6666489339903273
-.4899959704856222
-5.280838368254458
.49346419590955104
-.5602626693072694
1.6215458391417186
.770403121696568
-1.8234134610483896
-.18682683632200064
2.808059079972487
.30856379426179
-.7381208112058113
-2.6289813611736155
.6049938827580029
-1.1489260610459309
.9237047001901629
-.3086021111640898
-1.091834704094872
.05706717499174684
-.44784074084278863
.467869419959505
1.4281750348048687
-1.5817430918121458
1.597276811817329
.04350113705499732
.4357941898927253
-1.2828193668536
.8317475394925408
-1.3026284390306684
1.9952664193331693
.7085208157677813
.24455869251711698
1.685558852894674
.6131011157391002
.9664371884124765
.6782951641675908
1.9556085369118938
-.15307764888512373
1.560538463007636
1.2072480166583484
-.06571585564514433
.2842680325093823
-.6429084022239662
.13794081351026685
1.0175520063035475
-.03356781306046834
.055392583811705906
-1.035809283736055
.6384710322460742
.6757008083303284
-1.1691519163368431
.21820254686190413
.047064544600739396
1.150607856234146
-.21735418306010265
-.8773301475359184
.8106530711010255
.479775904694243
.07829679341853243
-.4170743352807478
.4820643015631129
-.5186518809909858
.30323543559532756
.775768613979186
2.7115932329328105
-.7727488913765151
-.5089482054545466
-.8862006221073357
.905011691341736
-2.072770255769586
1.2690926454162463
-.5606616714053488
-3.804907576052557
.5701570403586178
-.038179337573812894
-1.6555027857746627
.10018443200929199
-1.4274623600707084
-.30967609290721104
-2.0286654871359318
-.0918857484113409
-1.4624532069797838
-.14373150258419987
-.35697089653522934
.07728303040100191
-.6260431744392214
1.1783673572220354
.3469360668611091
.24642917093266425
-.868364294502739
1.0076358196443045
.4407398592155206
.45753643641074027
-1.8480812613633018
.8342814866212177
.8575438133964637
-.5844270149521866
-.3350357374631595
1.6333810479997253
-.1180880039056695
-.15900860505775227
.5530026707681053
.6099632533116023
-1.4436970968221976
1.2967518731186318
-.5494306613914076
.09147653856702131
-2.0275533584347514
-.8638095334064613
-.08625273626055589
-.5610583576716068
1.328526591954226
-.36971906488780953
.47776694287635385
-1.9519532712643117
-.6618972334304737
.8679045024550653
-1.2146253659845927
.5842402099679114
.47088654566106847
-1.209950541902091
.9737652464713291
-.2505174084083072
.4064244736124998
-.05063250884637859
-.016167375287000185
-.5640183333858823
-1.0008844477731855
-.09410543858821017
.010042635927344213
-.26855032301581144
-.8161152453198172
.252517516799092
-1.2760930900172036
1.0431438595674123
2.800890304983976
.5481023761208685
.643574843184858
-.17367957544998083
1.2544728316761873
-.1357307168734833
-.6276692421775273
1.4212581908246917
-1.312407019613684
-.382325600658355
1.5359779460490088
-.5586980383011796
.535274434454932
2.801373890889678
.05733279582217432
.727480838931001
.4193254778497562
2.00930774139242
-.21759910861634207
1.0388939173217053
.4775065461598318
-.2664267845445337
2.2329070328709952
-1.086301366201174
.039562675577830664
-.6353920910534915
.1279000904093439
-.12796630048849883
-.24379542397750276
-.2326410955938763
.03776510432209403
2.367831290597293
.510668580054205
.19629871118379763
-.48748155911163527
-.6878451808377991
-.30014143552667794
-1.0565960986587348
1.2007159830276177
-2.1083954908200884
.6334937206861633
-.16899204869511741
.41279243609756017
-1.9800771760603733
-.008820545053975571
1.2306547586107541
-.5207817478467398
1.338860625747438
-.38604685564552
2.060253798113048
-1.4262851258774338
.39490407914694503
.8265301215637675
-1.922079462306344
.07055623767540671
-.642390716192778
-.8322501333904812
-.6947819288856322
-.5297772762899888
-.9196437607232167
.3310336449702141
1.310730332986393
-.9763445153733132
-1.1290977473064994
1.3767033883058692
2.466327891690534
-.6317290935749732
-.18111789651612306
1.18393184220602
-.8323235037579244
-.41090553216857567
-.6036963725816226
-1.3446977690678859
-.11545889226001545
-.8127670809381045
.7146280561593874
-.34528774675186735
.30503836322082833
-.15193238034410006
-1.0716484789616403
-.07277793365742735
-.6209225988656819
-1.6278983294213936
.36796407964368616
1.724479066943856
-1.9371244088961248
-1.9260486680286077
-.866162013877337
-1.9108649132329065
.31251807835105294
1.037338915119638
.3315817897372133
.4504709370370483
-2.3894005772209312
1.0783788400208647
-.7229908330887491
.27739744290230295
-1.6374443846900752
-.00902310807424021
-.5817537617458379
1.2247416607297426
-.5776565924420629
-.9619856364699961
.5782967593499834
-.8967501434788634
-.6605690258973637
.3883910314122563
-2.0199387771573103
.5469049821902883
.4526209304596068
