-.0001362355672727235	2155945454544453e-21	.0007695206545454211	.24970980165454543	.49994089775636347	-.4994840382545453
.0018871206111601248	-.0011927392420470189	-.006351675077862361	-.00013099215749971064	-.00021438525818337666	-.005725530361338556
661764914490337e-19	.0004607911927017261	1.781553867796583	-.001691883665439005	.004089002798715219	-.0003888680068493763
-.00251859318998891	-.0007212130415631453	-.3057207353923138	-.002288768324732919	.06918542794597987	.006042605972385108
.0005024869557111184	.0009731841583576941	.17542972250179326	.0013108398661877802	-.028295101932207065	-.009124230927830636
-.0020869948623689493	-.0013029758685504527	.17453501601799762	.009970771593999395	.29575998178149904	-.00980784221127997
.004096065378749218	-.00018253755029496281	-.2746148606027563	.0007398239507881316	-.06369545511077775	-.011528612060622627
-.014283383615615368	.00044297379356932976	.021901964781773753	.0034564565937307765	-.007060223600545348	.022744763392971722
.002726013237329974	-.00023872032523419756	.10345988346248622	-.004576299192103709	-.016892894881878943	-.004147409340875407
.0036871433595217205	-.002257896739933122	-.24442009530897485	.02838882633903828	.10044518951694056	.018349095975998136
-.003378710737638914	.0008545513791876237	.002786217611847053	-.0020702544987519873	.00013753207772530682	-.00863181482535122
.0008969887727041215	.0008436607809124958	.02816493412925135	-.0006957584597850832	-.004092028996258222	.0004895211367151942
-.003057372104056123	.001970800899108651	.17675680188976825	-.02058432783794869	-.06182386945477789	-.012063157532656892
.012602193373622473	.011168981006481508	.019662166900788636	-.049254405063645396	-.03269188394511733	-.13023728741569893
.00998160872883977	-.0026384486220103207	.024121319181667183	.0025771507286676204	.01431777657658001	.007136852285863686
-.004835699987465555	.0001901749046311646	-.02385562464249168	-.010597167997338447	.006440505865356871	-.002569045030024739
-.010501100907384158	-.006120346822002486	-.08386373458170093	-.01965304131201442	-.04287394641959541	.17035992330519806
-.005908798347726385	-.0018701378741275397	-.005517664999697401	-.04787683390831257	-.063377090072477	.032020001799523544
-50856930555798456e-21	9847973692485383e-20	-.0001237143016777861	-20511969689704155e-21	55361785628565994e-21	.0003140970512198405
.012866936748146374	.005215078890290182	-.10261172144273449	-.3477429852980052	.6467133311571148	-.048810918096530716
.012946760086926433	.0071344079548257035	-.12471639495244394	-.6117620220421207	.29555221368800055	-.35422557086641754
.005700878770775181	.0006505473562114997	-.020054051572717318	.029090055608155665	.053273952147990494	.018123866576194955
.0011661198599455535	.0005313487971433671	-3995514924192802e-20	.005083440020213455	.007581999379394633	.0002859786985655124
-.00023028631196712584	-.0010250034830267677	-.01652350820608428	-.004828325879251891	-.018547695382668147	-.0013479552853292438
.00010005262989581423	3922166479829792e-20	-.0010095358780630162	-.00018284412224256062	-.0007491520746175461	.00013034293785049226
.004853726249385603	.013201987923339686	.13462116471109425	.09583483597882352	.08221792269494735	.08216568776587033
-.009471444820386503	.00022748462355720968	-.0048109169302034665	.007859631358464259	.016521100838649355	.07280826755504917
-.003720477271139073	-.0012482374642671535	-.014699379259666788	.0016287333862962234	.004002062468658881	-.002973739031820481
-.0036888666001844033	.0012506874780212427	.0001306735064084595	.0032048415385227897	.0067387298566234	-.0012609901412617421
-.008975466164886483	-.004780054223225146	.35993846245506117	.2876713560837581	.0825278289622547	.04784466026327376
-.009391756927788004	-.016626003707182906	.26872135392701574	.3290754555825224	.18866139852017552	.18374034430260133
-.000272594707184551	-.0035188154508605813	.020093959253655418	-.003933895875460913	.0016604448553266015	.003448144972666356
-.009728308221649502	.03409866951436177	-.011283004492917146	.015242911955571595	.0077706123558037785	-.010624135847126404
-.004730081587386309	-.0009805876962123592	.0016313375234674771	-.0012309062037523927	.0033905640668404186	.011510090415243587
-.002641221101703316	-.01613180243762572	.009608976995130145	-.004585250814649412	.005108144606014819	.026984740108286373
-.0007167351566160645	.0011145000859445222	-.07340420367206765	-.0059275167016971915	-.006444178094843052	-.004729364779002875
-.0008773250596508628	.0006097762989598263	.022879863416067934	-.0034460854766270167	.015800021271777768	-.007882463298298975
.014545710514561654	-.0003573460049699977	-.02968778934127706	-.0014625545914278815	-.012894110495824469	-.04378642957421021
-.0067612676923678	-.00501276719932903	-.016680952177421993	.01241324619779978	.0005911198261450116	.34569926964779274
-.002025417755201296	-.00038240486248800016	-.03287665462656397	.00717518637300114	-.014068480001887446	-.004739328336728184
