.133926702941713	-1.6069265402922748	.008083988929791428	.7169142509300278	1.1409121000267044	-.32996033880473646
-.030313819650952423	.4250108003470462	-.1043932377292238	.9404189175865942	.6450172229521202	-.5311139567693784
-.04026131374882537	.03442324553614047	.05160758210022371	-.29960874027825457	-.24954770921262662	.03536880225950538
-.00983095689270067	-.017302647967898783	.03075718956050936	.010223584720184021	.039741406392276794	.4269796225598404
.11947063997086335	-.16133026724375982	.6150723780763423	-.03399705131215478	.08711111881095722	-.01236812670732542
.03230960664366367	-.4022640211716171	-.0630242207035493	.25174565745156835	.5267317301810639	-.18477835194562298
-.05093839474468368	-.0395146326570099	-.03921950925020377	-.9043764021268282	-.02534332136073341	-.45759865644214387
-.11236362433407462	-.0010929965425495085	-.966239680883075	.049446803927237847	-.07913611301883985	-.09438364400182973
-.03929109059752093	-.055578698045552995	-.036595447149104995	.31285719171054344	-.7026434850110189	.16800061016308912
-.04248254536123708	-.10295226883609247	-.8928628715778526	.013837838767037373	.01162305465605532	-.02485325874260951
.29364273249780326	.982414230105526	.06929821641369693	.43189803762266166	1.2103669231192193	2.269536188158899
-.05664088836122662	-.12119599997072475	-1.4967489618617327	.008229218666905484	-2.187497382658072	.10682001798117934
.17809898069855454	.249414601264278	.13565256259506384	-.050424551759255226	-.4550682009484703	-.2123363104897942
-.012355116593793862	-.3966953767924656	-.2958963054255717	.029426511255386912	-.04092781089129187	-.006881722136968912
-.04202789060445743	.07458751518043664	.0025677245518136932	-.08870232273405142	-.06496653784824616	-.4597318842285924
-.09195533356560812	.02351272437389577	-.022037342902346737	.416103128730581	-.06111375260402925	-.4912202231179048
-.025792015535070666	.04206724819155522	-.0703232590843609	.287614263809583	.4200309804785736	.15068402696571218
.05187026794334109	-.1415382003231084	.04572670278707562	-.1272895625714502	-.015494920638729032	.9344564550214296
-1.3039867580339868	.35125991680308155	.7665915058688815	.7423831153319951	.3385543510204712	.08502972434873368
-.7021310875338437	.6461802944441796	1.4152702932902381	-.11435334559899445	.8165878495553802	-.26328092378655127
.07181444809945016	.10322401735307739	-1.4309602761429805	-.012877542332981693	-.05155644408473288	.062817908819057
.03938802414413334	-.12253618798267421	1.6647476733180722	.05088168187080478	.055265148680947014	-.03345977347483267
-.10245507351412526	-.14461211769788027	-.04113656897466667	.1877387022580938	-.012903530316162903	.6865724553971642
-.0873614080117552	.12339727999265138	-.5058206206765566	.0018943805715066785	-.013107711724110162	.02673564070466799
.0852535172297367	-.05927487384424822	-1.670138477377978	.03405367860429022	.08605586943344434	-.07287473762668503
-.0024760618423391974	-.0678050872065787	1.4130228292204075	-.04835090963044595	-.25821330842146095	-.028296696967557197
-.03671118781537894	.04897932413537942	-2.1670654246236607	-.013010162506611123	-.109529677793305	.04480094739435674
.1148614430504056	-.1324703115751933	1.497412317962179	.011096017031391936	-.03779246468400971	-.043130469609059204
.01945182936346463	.5091695373880614	-.01707784423264237	.006321201451349658	.0008014332417590451	-.0322474968826648
.09545794109110613	.13655442491462808	.13801917278936868	.328346249547769	.5974817205660388	.12465702855549556
.6320841404968659	.14756995495912226	-.10537061972871305	.09574268526797662	.039005842639892076	-.007347710610833614
.027603395929990348	.04347411256542919	-.005490324478937717	.5222302106165103	.09368027558485019	.028930411129571103
-.6168614355242887	-.052351835224715315	.3077537058439147	-.027700012946445293	.011465678829280422	.06552365196127966
.12124397149322308	-.1444757458965835	.07204666782372733	-.6206298927287199	.8557454210734953	-.3810823069328016
.12539594659766964	.17566374099132936	.1871644658268066	.4647998732734142	.9751428905040891	.05195765520772464
-.27479654511587254	-.03941235431964536	-2.2597978839144033	.02887708356793833	-.11709801829171863	.0048637455572175395
.0991822880897349	.033541172362378004	.8016316359664009	.022117246954623762	-.038303254485155945	.0006580014820221969
.0018157923018673815	-.0009787104113019687	-.003008986273538965	.1594247170285092	.025179745349073475	.6364766341162975
.2861738616971079	-.35741621228288883	.2141864377602119	-.024751026901397043	-.08201377227441983	-.05351504324760248
.5371581390503698	.010442902972006101	-.09145707476333598	.027563596023861797	.011603315309097185	-.028452347727090058
